0 0.888450 0.957049 0.042777 0.029879
0 0.247943 0.930906 0.011517 0.029879
0 0.458868 0.921569 0.019414 0.029879
0 0.734123 0.898226 0.030931 0.029879
0 0.574038 0.882353 0.023363 0.029879
0 0.767193 0.868347 0.011517 0.029879
0 0.821981 0.884220 0.042777 0.050420
0 0.646265 0.886088 0.034880 0.054155
0 0.337611 0.894491 0.050675 0.085901
0 0.253702 0.870215 0.038829 0.046685
0 0.669628 0.857143 0.034880 0.029879
0 0.493748 0.893557 0.128661 0.100840
0 0.769167 0.837535 0.015466 0.029879
0 0.913787 0.860411 0.101349 0.073763
0 0.447022 0.716153 0.011517 0.029879
0 0.476308 0.676937 0.023363 0.042951
0 0.353241 0.551821 0.019414 0.029879
0 0.487989 0.524743 0.030931 0.029879
0 0.097565 0.524743 0.015466 0.029879
0 0.214544 0.505135 0.038829 0.042951
0 0.784798 0.477591 0.038829 0.066293
0 0.095591 0.360411 0.011517 0.029879
0 0.943238 0.355742 0.011517 0.029879
0 0.919546 0.355742 0.011517 0.029879
0 0.771142 0.354342 0.019414 0.038282
0 0.614840 0.200747 0.011517 0.029879
0 0.101514 0.181139 0.023363 0.029879
0 0.290721 0.138189 0.011517 0.029879
0 0.669464 0.149860 0.066140 0.066293
0 0.484041 0.169001 0.117144 0.104575
0 0.802567 0.184874 0.300757 0.190476
0 0.796479 0.120448 0.070089 0.061625
0 0.230174 0.243697 0.304376 0.308123
0 0.365087 0.159664 0.089832 0.147526
0 0.083580 0.023343 0.034880 0.046685
