0 0.495815 0.957228 0.038937 0.027374
0 0.239811 0.956373 0.066230 0.030796
0 0.939410 0.931565 0.027293 0.027374
0 0.880640 0.931565 0.011645 0.027374
0 0.691048 0.943114 0.015284 0.035073
0 0.601528 0.942686 0.085881 0.042772
0 0.786754 0.935415 0.066230 0.035073
0 0.370997 0.937126 0.038937 0.038494
0 0.360990 0.880240 0.011645 0.027374
0 0.989993 0.881950 0.019287 0.030796
0 0.507642 0.880667 0.054585 0.035073
0 0.040757 0.845167 0.011645 0.027374
0 0.362809 0.799829 0.015284 0.027374
0 0.226164 0.811377 0.070233 0.053892
0 0.659934 0.807956 0.030932 0.053892
0 0.554221 0.782720 0.015284 0.027374
0 0.780932 0.806245 0.054585 0.065868
0 0.608988 0.792558 0.030932 0.038494
0 0.101164 0.794696 0.077875 0.042772
0 0.468341 0.793841 0.077875 0.073567
0 0.962518 0.739949 0.011645 0.027374
0 0.208879 0.747220 0.042940 0.035073
0 0.796579 0.716852 0.015284 0.027374
0 0.228166 0.697177 0.011645 0.027374
0 0.906114 0.686912 0.023290 0.027374
0 0.958697 0.661249 0.019287 0.027374
0 0.099345 0.660393 0.034934 0.027374
0 0.773108 0.667237 0.030932 0.070145
0 0.650109 0.692900 0.058588 0.128315
0 0.495815 0.618477 0.038937 0.027374
0 0.216703 0.638152 0.058588 0.097519
0 0.661936 0.587682 0.011645 0.027374
0 0.351164 0.626176 0.046579 0.112917
0 0.937409 0.591104 0.085881 0.097519
0 0.659753 0.525235 0.015284 0.027374
0 0.483988 0.538494 0.046579 0.053892
0 0.898108 0.510693 0.054585 0.046193
0 0.353166 0.510693 0.081878 0.046193
0 0.960699 0.467921 0.015284 0.027374
0 0.103166 0.487596 0.050582 0.100941
0 0.318049 0.446963 0.066230 0.035073
0 0.905750 0.415740 0.015284 0.027374
0 0.218705 0.473909 0.085881 0.143713
0 0.466521 0.433276 0.066230 0.093242
0 0.360990 0.388366 0.011645 0.027374
0 0.656114 0.407186 0.077875 0.112917
0 0.009643 0.345595 0.019287 0.027374
0 0.359170 0.337040 0.023290 0.027374
0 0.501820 0.339607 0.042940 0.030796
0 0.767285 0.413601 0.081878 0.187340
0 0.099345 0.331052 0.034934 0.046193
0 0.231987 0.282293 0.019287 0.027374
0 0.449054 0.269033 0.023290 0.038494
0 0.651929 0.264756 0.038937 0.038494
0 0.341521 0.266895 0.058588 0.042772
0 0.013646 0.254919 0.027293 0.027374
0 0.081878 0.220274 0.054585 0.081266
0 0.058588 0.083832 0.117176 0.167665
