0 0.544658 0.988129 0.011459 0.023742
0 0.435120 0.987179 0.011459 0.025641
0 0.558477 0.974359 0.015504 0.030389
0 0.109201 0.958215 0.054601 0.030389
0 0.339569 0.954891 0.140546 0.035138
0 0.046680 0.948718 0.023256 0.030389
0 0.613077 0.946344 0.031008 0.035138
0 0.029154 0.919278 0.027300 0.030389
0 0.488035 0.905033 0.109201 0.030389
0 0.445231 0.882241 0.015504 0.030389
0 0.390462 0.878443 0.023256 0.030389
0 0.294574 0.876543 0.011459 0.030389
0 0.259521 0.878443 0.035052 0.030389
0 0.620998 0.873694 0.062353 0.030389
0 0.505730 0.850902 0.027300 0.030389
0 0.759353 0.860874 0.050556 0.050332
0 0.685204 0.852327 0.035052 0.065527
0 0.447085 0.771130 0.019211 0.030389
0 0.349343 0.774454 0.042804 0.042735
0 0.552241 0.751662 0.019211 0.035138
0 0.497809 0.739791 0.011459 0.030389
0 0.673407 0.723647 0.011459 0.030389
0 0.650152 0.727445 0.011459 0.030389
0 0.900067 0.727920 0.019211 0.042735
0 0.798787 0.678538 0.074149 0.054131
0 0.476239 0.678538 0.187395 0.061728
0 0.579710 0.638177 0.011459 0.030389
0 0.808392 0.611111 0.046849 0.042735
0 0.345467 0.579297 0.011459 0.030389
0 0.671554 0.589269 0.046849 0.054131
0 0.376812 0.537987 0.089653 0.046534
0 0.630603 0.513295 0.074149 0.057930
0 0.960735 0.491453 0.023256 0.046534
0 0.202730 0.489554 0.062353 0.050332
0 0.773003 0.505698 0.077856 0.105413
0 0.659757 0.446344 0.023256 0.030389
0 0.815976 0.435423 0.031008 0.035138
0 0.579879 0.427350 0.027300 0.030389
0 0.365184 0.435423 0.027300 0.042735
0 0.779070 0.360874 0.042804 0.030389
0 0.476070 0.470560 0.171554 0.245964
0 0.335861 0.369896 0.046849 0.054131
0 0.546512 0.337132 0.023256 0.030389
0 0.579879 0.309592 0.019211 0.030389
0 0.993933 0.278253 0.011459 0.030389
0 0.771149 0.255461 0.011459 0.030389
0 0.460735 0.288699 0.054601 0.077873
0 0.306370 0.276353 0.035052 0.077873
0 0.214695 0.292023 0.070104 0.109212
0 0.661948 0.282526 0.050556 0.113010
0 0.905966 0.220323 0.070104 0.074074
0 0.653859 0.174739 0.105157 0.030389
0 0.507583 0.176638 0.109201 0.030389
0 0.790866 0.177113 0.081901 0.035138
0 0.154196 0.135802 0.042804 0.070275
0 0.310246 0.157170 0.066397 0.135802
0 0.912032 0.101140 0.074149 0.054131
0 0.169532 0.071225 0.011459 0.030389
0 0.089653 0.042260 0.109201 0.054131
