0 0.493980 0.770507 0.019398 0.029493
0 0.906020 0.763134 0.015385 0.029493
0 0.784950 0.763594 0.038796 0.050691
0 0.663880 0.761290 0.070234 0.046083
0 0.353177 0.771429 0.042809 0.066359
0 0.216555 0.743779 0.035117 0.035023
0 0.658027 0.704147 0.027090 0.042396
0 0.222575 0.681567 0.031104 0.050691
0 0.634448 0.661751 0.019398 0.029493
0 0.124749 0.658986 0.015385 0.029493
0 0.783110 0.658986 0.035117 0.077419
0 0.216555 0.532719 0.035117 0.042396
0 0.783110 0.501382 0.035117 0.066359
0 0.747993 0.470046 0.011706 0.029493
0 0.773244 0.450691 0.015385 0.029493
0 0.364883 0.314286 0.019398 0.066359
0 0.536957 0.502765 0.495987 0.483871
