0 0.493856 0.937615 0.019263 0.029358
0 0.445035 0.935780 0.031219 0.029358
0 0.378778 0.927523 0.015609 0.029358
0 0.501661 0.889908 0.198937 0.069725
0 0.792760 0.852294 0.124875 0.042202
0 0.904185 0.817431 0.011624 0.029358
0 0.093491 0.614220 0.015609 0.050459
0 0.072069 0.524771 0.019263 0.066055
0 0.171704 0.339450 0.023248 0.029358
0 0.310196 0.335780 0.019263 0.029358
0 0.089505 0.376606 0.070076 0.167890
0 0.792760 0.505046 0.320159 0.511009
0 0.077881 0.255046 0.038858 0.029358
0 0.152109 0.233945 0.023248 0.029358
0 0.333776 0.191284 0.347393 0.257798
0 0.482066 0.054128 0.066091 0.031193
0 0.550482 0.041284 0.038858 0.029358
0 0.691299 0.054587 0.202923 0.077982
0 0.890568 0.033028 0.046828 0.066055
