0 0.411754 0.956186 0.027125 0.027491
0 0.894213 0.934708 0.085714 0.042955
0 0.166004 0.938574 0.136709 0.050687
0 0.865099 0.879725 0.019530 0.027491
0 0.825859 0.882302 0.035081 0.027491
0 0.300542 0.878007 0.023146 0.027491
0 0.183183 0.878866 0.046655 0.027491
0 0.947016 0.862973 0.027125 0.054124
0 0.474503 0.841924 0.011573 0.027491
0 0.786980 0.837629 0.011573 0.027491
0 0.630741 0.856959 0.058590 0.050687
0 0.986076 0.816151 0.027125 0.027491
0 0.240145 0.786082 0.011573 0.027491
0 0.458590 0.771478 0.011573 0.027491
0 0.474503 0.751718 0.011573 0.027491
0 0.212658 0.778780 0.042676 0.066151
0 0.661844 0.745704 0.011573 0.027491
0 0.117179 0.772766 0.078119 0.069588
0 0.794756 0.740979 0.066184 0.069588
0 0.880651 0.679553 0.019530 0.027491
0 0.214467 0.681271 0.031103 0.027491
0 0.491863 0.667526 0.062206 0.030928
0 0.661844 0.650344 0.011573 0.027491
0 0.527125 0.646048 0.015552 0.027491
0 0.206691 0.647766 0.015552 0.027491
0 0.450995 0.640034 0.019530 0.027491
0 0.775045 0.655928 0.058590 0.093643
0 0.113020 0.632732 0.054611 0.093643
0 0.095479 0.517182 0.011573 0.027491
0 0.905967 0.530928 0.031103 0.046392
0 0.208861 0.515464 0.027125 0.027491
0 0.822061 0.497423 0.011573 0.027491
0 0.880651 0.495704 0.011573 0.027491
0 0.009765 0.500859 0.019530 0.034364
0 0.341772 0.465636 0.019530 0.027491
0 0.236166 0.479381 0.019530 0.046392
0 0.099458 0.479811 0.058590 0.054124
0 0.880651 0.452749 0.019530 0.027491
0 0.009765 0.449313 0.019530 0.027491
0 0.660036 0.460052 0.031103 0.054124
0 0.208680 0.437285 0.019530 0.027491
0 0.792767 0.450601 0.023146 0.066151
0 0.771429 0.400344 0.019530 0.027491
0 0.388427 0.359107 0.019530 0.027491
0 0.886438 0.360825 0.031103 0.027491
0 0.665823 0.378007 0.058590 0.061856
0 0.958770 0.569588 0.081736 0.475945
0 0.091682 0.353093 0.027125 0.042955
0 0.786980 0.331615 0.097649 0.046392
0 0.482098 0.394330 0.097649 0.187285
0 0.581917 0.286082 0.031103 0.027491
0 0.913562 0.290378 0.101266 0.058419
0 0.499819 0.284364 0.062206 0.061856
0 0.347197 0.296821 0.062206 0.093643
0 0.232369 0.262027 0.035081 0.027491
0 0.837613 0.230241 0.019530 0.027491
0 0.007776 0.202749 0.015552 0.027491
0 0.072152 0.216065 0.035081 0.050687
0 0.150090 0.095361 0.019530 0.027491
0 0.091682 0.021478 0.027125 0.042955
