0 0.657807 0.931001 0.050485 0.031098
0 0.808425 0.940719 0.038783 0.038873
0 0.208793 0.743440 0.011702 0.031098
0 0.689234 0.710398 0.058509 0.046647
0 0.513373 0.681244 0.035105 0.031098
0 0.247910 0.661808 0.011702 0.031098
0 0.503511 0.739553 0.484119 0.182702
0 0.255600 0.609329 0.011702 0.031098
0 0.198930 0.579203 0.015379 0.031098
0 0.507523 0.548105 0.140421 0.058309
0 0.642260 0.499514 0.019392 0.031098
0 0.247743 0.515063 0.097626 0.062196
0 0.364928 0.515063 0.081912 0.101069
0 0.654129 0.557823 0.425610 0.194363
0 0.554330 0.417881 0.015379 0.031098
0 0.201103 0.415938 0.011702 0.031098
0 0.863089 0.600583 0.234370 0.468416
0 0.708626 0.362488 0.027081 0.031098
0 0.466566 0.409135 0.105316 0.132167
0 0.423437 0.317784 0.027081 0.031098
0 0.361250 0.282799 0.011702 0.031098
0 0.195252 0.296404 0.046807 0.038873
0 0.171515 0.251701 0.015379 0.031098
0 0.634738 0.234208 0.011702 0.031098
0 0.310431 0.200194 0.011702 0.031098
0 0.780843 0.209913 0.031093 0.038873
0 0.863089 0.073858 0.101304 0.038873
0 0.595453 0.052478 0.019392 0.031098
0 0.626713 0.068027 0.152123 0.081633
0 0.093614 0.062196 0.117018 0.124393
