0 0.228103 0.880114 0.019276 0.030447
0 0.339702 0.876308 0.023334 0.030447
0 0.218634 0.803520 0.038891 0.054234
0 0.777139 0.795909 0.062225 0.069458
0 0.353230 0.795909 0.058505 0.069458
0 0.913764 0.803996 0.046669 0.093245
0 0.474467 0.823501 0.081840 0.132255
0 0.083869 0.813511 0.066283 0.152236
0 0.447075 0.651760 0.027054 0.030447
0 0.906155 0.652236 0.023334 0.039010
0 0.083700 0.649857 0.034833 0.034253
0 0.773081 0.631779 0.031113 0.030447
0 0.906155 0.497621 0.023334 0.030447
0 0.474467 0.485252 0.011498 0.030447
0 0.337504 0.473834 0.011498 0.030447
0 0.773250 0.473834 0.070003 0.034253
0 0.622760 0.647954 0.230301 0.382493
0 0.072032 0.476213 0.027054 0.039010
0 0.931349 0.446242 0.011498 0.030447
0 0.247886 0.446242 0.081840 0.089439
0 0.675516 0.407707 0.038891 0.042816
0 0.904126 0.336822 0.019276 0.030447
0 0.659959 0.338725 0.023334 0.030447
0 0.837842 0.352997 0.042949 0.081827
0 0.894319 0.256898 0.023334 0.030447
0 0.470409 0.228354 0.081840 0.074215
0 0.905986 0.190771 0.062225 0.039010
0 0.824146 0.176974 0.015556 0.030447
0 0.478356 0.176974 0.019276 0.030447
0 0.658099 0.200285 0.050727 0.065652
0 0.769361 0.190771 0.031113 0.054234
0 0.275279 0.243102 0.206967 0.269267
0 0.931349 0.104662 0.011498 0.030447
