0 0.474304 0.930812 0.011605 0.029520
0 0.212533 0.928967 0.027188 0.029520
0 0.587699 0.864391 0.011605 0.029520
0 0.525199 0.853321 0.035146 0.029520
0 0.667772 0.861162 0.070292 0.050738
0 0.456897 0.854244 0.062334 0.046125
0 0.269231 0.846863 0.273210 0.046125
0 0.958554 0.780443 0.019231 0.038745
0 0.009615 0.743542 0.019231 0.029520
0 0.011605 0.509225 0.023210 0.042435
0 0.960710 0.545664 0.077918 0.264760
0 0.417938 0.357011 0.015584 0.035055
0 0.442971 0.315498 0.019231 0.029520
0 0.685345 0.204797 0.027188 0.029520
0 0.800398 0.212638 0.093501 0.050738
0 0.558521 0.212638 0.085875 0.050738
0 0.011605 0.201107 0.023210 0.035055
0 0.782991 0.124539 0.042772 0.029520
0 0.482095 0.124077 0.097480 0.030443
0 0.913793 0.194649 0.101459 0.210332
0 0.259450 0.227860 0.394231 0.339483
0 0.097480 0.044280 0.031167 0.035055
