0 0.735989 0.878072 0.027009 0.030246
0 0.595544 0.876181 0.035111 0.030246
0 0.497637 0.876181 0.011479 0.030246
0 0.800641 0.874291 0.023295 0.030246
0 0.687036 0.872401 0.046590 0.030246
0 0.404119 0.813800 0.011479 0.030246
0 0.634537 0.795841 0.019244 0.030246
0 0.864787 0.782609 0.019244 0.030246
0 0.499662 0.799622 0.155976 0.077505
0 0.453072 0.758979 0.015530 0.030246
0 0.611074 0.761342 0.035111 0.031191
0 0.255571 0.761342 0.066172 0.046314
0 0.786968 0.757561 0.050641 0.093573
0 0.386563 0.708412 0.031060 0.042533
0 0.345544 0.749527 0.073937 0.124764
0 0.917623 0.720227 0.046590 0.073724
0 0.513504 0.687146 0.011479 0.030246
0 0.364956 0.676749 0.011479 0.030246
0 0.111074 0.682420 0.035111 0.030246
0 0.448852 0.669187 0.023295 0.030246
0 0.488184 0.643667 0.031060 0.030246
0 0.407833 0.634216 0.011479 0.030246
0 0.216577 0.675331 0.042876 0.093573
0 0.781060 0.636578 0.038825 0.031191
0 0.556550 0.635633 0.042876 0.038752
0 0.363099 0.587429 0.023295 0.050095
0 0.769244 0.571361 0.023295 0.042533
0 0.650236 0.591210 0.089804 0.097353
0 0.337610 0.536862 0.011479 0.030246
0 0.894159 0.540170 0.038825 0.034972
0 0.177414 0.519376 0.019244 0.031191
0 0.337441 0.506616 0.019244 0.030246
0 0.230250 0.514650 0.031060 0.053875
0 0.851283 0.495274 0.023295 0.030246
0 0.484132 0.497637 0.046590 0.034972
0 0.449021 0.473535 0.015530 0.030246
0 0.116982 0.486295 0.054355 0.089792
0 0.706786 0.483459 0.062458 0.101134
0 0.777178 0.452268 0.031060 0.046314
0 0.497637 0.442344 0.066172 0.030246
0 0.552667 0.501418 0.199190 0.152174
0 0.273295 0.426749 0.038825 0.104915
0 0.859217 0.376654 0.031060 0.042533
0 0.228224 0.361059 0.011479 0.030246
0 0.091492 0.374764 0.035111 0.038752
0 0.781060 0.358696 0.038825 0.031191
0 0.462863 0.351134 0.035111 0.053875
0 0.616813 0.319471 0.015530 0.030246
0 0.726367 0.303403 0.023295 0.030246
0 0.661884 0.317108 0.042876 0.050095
0 0.087610 0.298204 0.042876 0.050095
0 0.507596 0.306238 0.077988 0.073724
0 0.700709 0.266541 0.019244 0.030246
0 0.907833 0.293951 0.027009 0.081285
0 0.329676 0.257089 0.019244 0.030246
0 0.120864 0.258979 0.015530 0.030246
0 0.472316 0.263233 0.031060 0.034972
0 0.220290 0.265123 0.073937 0.093573
0 0.663741 0.225898 0.015530 0.030246
0 0.095544 0.204159 0.011479 0.030246
0 0.876772 0.200378 0.011479 0.030246
0 0.794564 0.215974 0.019244 0.042533
0 0.552330 0.200378 0.011479 0.030246
0 0.423531 0.200378 0.058406 0.030246
0 0.837779 0.174858 0.042876 0.030246
0 0.738015 0.188563 0.085753 0.042533
0 0.650236 0.178639 0.050641 0.030246
0 0.511479 0.188563 0.046590 0.042533
0 0.296421 0.157845 0.046590 0.120983
0 0.923700 0.095463 0.011479 0.030246
