0 0.991945 0.989140 0.015546 0.021721
0 0.917750 0.988304 0.031091 0.023392
0 0.214811 0.987051 0.039005 0.025898
0 0.054551 0.981621 0.109101 0.035088
0 0.778971 0.784879 0.027134 0.030911
0 0.866874 0.880117 0.210854 0.238095
0 0.845534 0.743525 0.019503 0.026734
0 0.896128 0.683375 0.050594 0.026734
0 0.927643 0.628237 0.081967 0.046784
0 0.933437 0.499582 0.015546 0.026734
0 0.849491 0.482038 0.011588 0.026734
0 0.986150 0.215957 0.027134 0.042607
0 0.478236 0.204678 0.035048 0.026734
0 0.667750 0.204261 0.046637 0.042607
0 0.991945 0.089390 0.015546 0.026734
0 0.853307 0.077277 0.035048 0.054302
0 0.939231 0.019215 0.120972 0.038429
0 0.659977 0.337510 0.601470 0.675021
0 0.222442 0.052632 0.078010 0.105263
0 0.156020 0.017544 0.031091 0.035088
0 0.126767 0.013367 0.019503 0.026734
0 0.007773 0.013367 0.015546 0.026734
