0 0.915965 0.941277 0.027282 0.027234
0 0.654092 0.900426 0.011452 0.027234
0 0.747727 0.897872 0.011452 0.027234
0 0.335803 0.845106 0.015493 0.027234
0 0.941226 0.843404 0.038734 0.027234
0 0.183227 0.845532 0.093634 0.034894
0 0.284944 0.810213 0.015493 0.027234
0 0.534692 0.814043 0.038734 0.034894
0 0.689289 0.819574 0.081846 0.085106
0 0.845234 0.772766 0.019198 0.027234
0 0.783092 0.772766 0.074099 0.108936
0 0.257494 0.708511 0.077804 0.034894
0 0.056248 0.698298 0.035029 0.038298
0 0.685248 0.715745 0.144493 0.097021
0 0.474234 0.709787 0.230381 0.085106
0 0.204783 0.662128 0.011452 0.027234
0 0.829741 0.657021 0.019198 0.027234
0 0.583698 0.612766 0.050522 0.030638
0 0.195184 0.598723 0.023240 0.034894
0 0.169586 0.551489 0.019198 0.027234
0 0.597508 0.554043 0.015493 0.030638
0 0.833782 0.526809 0.019198 0.027234
0 0.216571 0.464681 0.035029 0.054468
0 0.286965 0.419574 0.011452 0.027234
0 0.361064 0.407234 0.050522 0.034894
0 0.550522 0.403830 0.038734 0.034894
0 0.894240 0.365106 0.015493 0.027234
0 0.122600 0.360851 0.011452 0.027234
0 0.099360 0.337872 0.011452 0.027234
0 0.603065 0.333617 0.019198 0.027234
0 0.972381 0.331489 0.015493 0.046809
0 0.624789 0.315745 0.015493 0.027234
0 0.116874 0.320000 0.015493 0.027234
0 0.710509 0.362979 0.077804 0.116596
0 0.237959 0.292766 0.023240 0.027234
0 0.185248 0.271489 0.011452 0.027234
0 0.907881 0.241277 0.027282 0.038298
0 0.618727 0.216170 0.011452 0.027234
0 0.587740 0.235319 0.035029 0.050213
0 0.222465 0.225532 0.023240 0.030638
0 0.128663 0.231915 0.070057 0.089362
0 0.111149 0.095319 0.011452 0.027234
0 0.197036 0.137872 0.128663 0.120851
