0 0.794638 0.989599 0.019282 0.020801
0 0.361067 0.989599 0.011622 0.020801
0 0.195061 0.989599 0.015584 0.020801
0 0.849313 0.987673 0.019282 0.024653
0 0.644216 0.974576 0.023244 0.024653
0 0.744057 0.966872 0.011622 0.024653
0 0.138537 0.978043 0.066297 0.042373
0 0.017565 0.978043 0.035129 0.042373
0 0.728209 0.951464 0.011622 0.024653
0 0.478209 0.946841 0.019282 0.024653
0 0.642235 0.942989 0.019282 0.024653
0 0.072108 0.966102 0.050713 0.066256
0 0.691231 0.942604 0.031167 0.026965
0 0.931590 0.908320 0.011622 0.024653
0 0.009641 0.909861 0.019282 0.024653
0 0.837824 0.884438 0.089805 0.073960
0 0.825938 0.718028 0.011622 0.024653
0 0.823957 0.337057 0.015584 0.034669
0 0.738114 0.151772 0.015584 0.024653
0 0.263603 0.146379 0.011622 0.024653
0 0.216587 0.127119 0.011622 0.024653
0 0.331749 0.098998 0.023244 0.034669
0 0.456947 0.081664 0.031167 0.024653
0 0.115029 0.083590 0.019282 0.026965
0 0.650158 0.093220 0.035129 0.053929
0 0.029186 0.093606 0.058373 0.062404
0 0.495774 0.057781 0.023244 0.024653
0 0.841653 0.130586 0.206815 0.261171
0 0.628764 0.012327 0.046751 0.024653
0 0.493925 0.025039 0.128896 0.050077
0 0.247887 0.038906 0.105388 0.077812
0 0.081749 0.019260 0.038827 0.038521
