0 0.745960 0.923890 0.015364 0.022551
0 0.892318 0.940451 0.050596 0.085271
0 0.097483 0.946794 0.046623 0.105004
0 0.228344 0.936927 0.074172 0.124736
0 0.478411 0.925300 0.066225 0.147992
0 0.654040 0.923185 0.042914 0.152220
0 0.749801 0.866455 0.062252 0.069767
0 0.513510 0.715997 0.027285 0.022551
0 0.902119 0.618393 0.030993 0.058492
0 0.343444 0.583510 0.030993 0.026779
0 0.286887 0.497533 0.011656 0.022551
0 0.657881 0.501409 0.019338 0.034531
0 0.441192 0.501057 0.038940 0.042283
0 0.353245 0.482030 0.019338 0.022551
0 0.638411 0.472163 0.011656 0.022551
0 0.267417 0.400282 0.019338 0.022551
0 0.376689 0.378436 0.128742 0.046512
0 0.609007 0.327343 0.015364 0.023256
0 0.548742 0.314306 0.113113 0.050740
0 0.205033 0.171247 0.011656 0.022551
0 0.990066 0.150106 0.019338 0.022551
0 0.753642 0.120507 0.046623 0.062016
0 0.226358 0.101128 0.070199 0.069767
0 0.491921 0.069767 0.023311 0.022551
0 0.580000 0.011276 0.027285 0.022551
0 0.429404 0.011276 0.015364 0.022551
0 0.370993 0.011628 0.038940 0.023256
0 0.148344 0.011276 0.023311 0.022551
