0 0.009669 0.987634 0.019337 0.023396
0 0.978277 0.948864 0.042943 0.100936
0 0.015570 0.839238 0.031140 0.062166
0 0.906077 0.747660 0.046710 0.058155
0 0.017454 0.718583 0.034907 0.038770
0 0.976394 0.768717 0.046710 0.179144
0 0.488071 0.687166 0.093672 0.030749
0 0.655952 0.628342 0.031140 0.030749
0 0.882597 0.642380 0.093672 0.089572
0 0.255650 0.576203 0.011552 0.021390
0 0.019463 0.593249 0.038925 0.070187
0 0.472376 0.538770 0.031140 0.038770
0 0.339653 0.534425 0.023355 0.054144
0 0.909970 0.435160 0.023355 0.034759
0 0.019463 0.402072 0.038925 0.062166
0 0.972501 0.499666 0.054495 0.265374
0 0.906077 0.323864 0.046710 0.070187
0 0.017454 0.285094 0.034907 0.070187
0 0.976394 0.271056 0.046710 0.159759
0 0.015570 0.161430 0.031140 0.066176
0 0.988071 0.092914 0.023355 0.030749
0 0.472627 0.064171 0.015570 0.021390
0 0.339653 0.065842 0.023355 0.023396
0 0.991964 0.010695 0.015570 0.021390
0 0.007785 0.023396 0.015570 0.046791
