0 0.652203 0.986906 0.038958 0.026188
0 0.482133 0.986906 0.066362 0.026188
0 0.214535 0.986906 0.038958 0.026188
0 0.007792 0.984966 0.015583 0.030068
0 0.765314 0.977692 0.038958 0.042677
0 0.798630 0.905917 0.011553 0.031038
0 0.904084 0.784675 0.019344 0.038797
0 0.531166 0.715810 0.015583 0.031038
0 0.341483 0.727449 0.191295 0.096993
0 0.913890 0.655674 0.038958 0.069835
0 0.509672 0.590689 0.308436 0.112512
0 0.446937 0.522793 0.011553 0.031038
0 0.257523 0.536372 0.070124 0.050436
0 0.310317 0.513094 0.019344 0.042677
0 0.179473 0.478177 0.015583 0.065955
0 0.501746 0.443259 0.011553 0.031038
0 0.445191 0.415131 0.015583 0.031038
0 0.388501 0.417071 0.074154 0.085354
0 0.903949 0.216295 0.011553 0.031038
0 0.906099 0.179437 0.038958 0.054316
0 0.146292 0.091174 0.011553 0.031038
0 0.751881 0.036857 0.081945 0.073715
0 0.650322 0.015519 0.050779 0.031038
0 0.462789 0.015519 0.066362 0.031038
0 0.339602 0.015519 0.015583 0.031038
0 0.226357 0.076140 0.070124 0.152279
0 0.042853 0.015519 0.038958 0.031038
