0 0.689363 0.988917 0.011550 0.022165
0 0.542842 0.988065 0.031158 0.023870
0 0.335885 0.985507 0.023368 0.027280
0 0.124899 0.985507 0.015579 0.027280
0 0.052511 0.985507 0.011550 0.027280
0 0.427478 0.964194 0.011550 0.027280
0 0.368923 0.970162 0.027129 0.057971
0 0.251813 0.941176 0.011550 0.027280
0 0.152162 0.921569 0.070105 0.054561
0 0.806473 0.884058 0.011550 0.027280
0 0.007789 0.847400 0.015579 0.027280
0 0.364894 0.826087 0.011550 0.027280
0 0.810234 0.790281 0.011550 0.027280
0 0.798684 0.759591 0.011550 0.027280
0 0.261483 0.735720 0.038947 0.027280
0 0.661966 0.722080 0.011550 0.027280
0 0.525248 0.634271 0.011550 0.027280
0 0.220521 0.644075 0.034918 0.077579
0 0.499866 0.538789 0.015579 0.027280
0 0.521354 0.519182 0.019339 0.027280
0 0.079774 0.518329 0.034918 0.046036
0 0.282971 0.485934 0.011550 0.027280
0 0.501612 0.473998 0.011550 0.027280
0 0.302444 0.468883 0.019339 0.027280
0 0.007789 0.405797 0.015579 0.030691
0 0.062315 0.339301 0.015579 0.027280
0 0.007789 0.301790 0.015579 0.027280
0 0.859253 0.216113 0.031158 0.034953
0 0.484287 0.204604 0.031158 0.027280
0 0.201048 0.194373 0.011550 0.027280
0 0.007789 0.157715 0.015579 0.027280
0 0.400215 0.139812 0.034918 0.030691
0 0.499731 0.130435 0.023368 0.027280
0 0.726296 0.127877 0.015579 0.030691
0 0.630540 0.108269 0.011550 0.030691
0 0.900081 0.145780 0.074134 0.175618
0 0.333736 0.063939 0.011550 0.027280
0 0.808488 0.056266 0.015579 0.027280
0 0.007789 0.024723 0.015579 0.027280
0 0.771421 0.034953 0.058555 0.069906
0 0.665995 0.013640 0.050766 0.027280
0 0.531158 0.013640 0.038947 0.027280
0 0.257588 0.046462 0.077894 0.092924
0 0.138464 0.013640 0.011550 0.027280
