0 0.849530 0.981860 0.082027 0.034419
0 0.503788 0.952558 0.031087 0.046512
0 0.818182 0.937209 0.035005 0.030698
0 0.814263 0.831628 0.035005 0.085581
0 0.927377 0.786977 0.019331 0.029767
0 0.810345 0.747442 0.035005 0.034419
0 0.990073 0.720000 0.019331 0.089302
0 0.814263 0.700465 0.042842 0.050233
0 0.888454 0.692558 0.042842 0.066047
0 0.927377 0.606512 0.011494 0.029767
0 0.904127 0.440930 0.011494 0.029767
0 0.904127 0.364651 0.011494 0.029767
0 0.992032 0.346512 0.015413 0.030698
0 0.810345 0.351163 0.035005 0.062326
0 0.931296 0.266977 0.011494 0.029767
0 0.820141 0.271163 0.062435 0.066047
0 0.200888 0.173023 0.066353 0.081860
0 0.804467 0.151628 0.062435 0.053953
0 0.650209 0.118140 0.035005 0.029767
0 0.165883 0.098605 0.027168 0.029767
0 0.730277 0.104651 0.038924 0.038140
0 0.974399 0.067442 0.050679 0.066047
0 0.249869 0.038140 0.015413 0.029767
0 0.173459 0.036279 0.011494 0.029767
0 0.013584 0.036279 0.027168 0.042791
0 0.868992 0.040930 0.113114 0.081860
0 0.804467 0.026977 0.023250 0.053953
0 0.736155 0.023256 0.019331 0.046512
0 0.693051 0.021395 0.019331 0.042791
0 0.337774 0.034884 0.066353 0.069767
0 0.193051 0.014884 0.011494 0.029767
0 0.148250 0.014884 0.031087 0.029767
