0 0.499872 0.990528 0.015412 0.018945
0 0.989982 0.989513 0.019522 0.020974
0 0.134472 0.913396 0.199075 0.171854
0 0.956846 0.769283 0.015412 0.021651
0 0.066144 0.674899 0.023375 0.038566
0 0.822117 0.605548 0.011559 0.021651
0 0.900077 0.694858 0.073979 0.202977
0 0.066273 0.419486 0.015412 0.021651
0 0.007706 0.418133 0.015412 0.021651
0 0.839712 0.421177 0.039044 0.038566
0 0.966607 0.513532 0.066273 0.238160
0 0.011688 0.366712 0.023375 0.023004
0 0.876702 0.368403 0.027228 0.034506
0 0.960699 0.341340 0.039044 0.034506
0 0.906114 0.309878 0.031081 0.027064
0 0.388518 0.200271 0.050604 0.021651
0 0.300668 0.200271 0.031081 0.021651
0 0.698947 0.200947 0.046751 0.027064
0 0.580015 0.200609 0.136656 0.034506
0 0.472515 0.177267 0.023375 0.027064
0 0.269458 0.160014 0.046751 0.046685
0 0.689443 0.093369 0.019522 0.023004
0 0.989982 0.011502 0.019522 0.023004
