0 0.619028 0.988174 0.011541 0.023652
0 0.359098 0.988174 0.015566 0.023652
0 0.704911 0.985336 0.050725 0.029328
0 0.013553 0.985336 0.027107 0.029328
0 0.896269 0.983444 0.066291 0.031220
0 0.105207 0.983444 0.046699 0.031220
0 0.823940 0.967833 0.031133 0.062441
0 0.312265 0.946547 0.023349 0.035005
0 0.009662 0.938505 0.019324 0.030274
0 0.435319 0.952223 0.199141 0.093661
0 0.835883 0.852412 0.078100 0.198675
0 0.331857 0.549669 0.023349 0.030274
0 0.609232 0.487701 0.015566 0.031220
0 0.185319 0.194418 0.027107 0.046358
0 0.214707 0.138127 0.015566 0.030274
0 0.822061 0.194418 0.058508 0.178808
0 0.241948 0.108325 0.023349 0.038789
0 0.169619 0.106433 0.034890 0.035005
0 0.991948 0.094607 0.015566 0.030274
0 0.745974 0.082781 0.038916 0.050142
0 0.310386 0.063387 0.011541 0.030274
0 0.456790 0.057711 0.046699 0.030274
0 0.288916 0.046358 0.023349 0.030274
0 0.148148 0.040681 0.015566 0.030274
0 0.954911 0.019395 0.089640 0.038789
0 0.841653 0.036897 0.089640 0.073794
0 0.712695 0.028855 0.050725 0.057711
0 0.630569 0.015137 0.011541 0.030274
0 0.527241 0.023179 0.023349 0.046358
0 0.427402 0.015137 0.011541 0.030274
0 0.363124 0.026963 0.085883 0.053926
0 0.115003 0.015137 0.027107 0.030274
0 0.037037 0.026963 0.074074 0.053926
