0 0.509664 0.988140 0.011544 0.023719
0 0.353423 0.988140 0.011544 0.023719
0 0.245906 0.988140 0.015570 0.023719
0 0.126846 0.988140 0.011544 0.023719
0 0.706711 0.987192 0.054497 0.025617
0 0.052483 0.987192 0.050738 0.025617
0 0.009664 0.956357 0.019329 0.030361
0 0.864966 0.952562 0.175570 0.092979
0 0.984161 0.910816 0.031141 0.030361
0 0.800671 0.918880 0.023356 0.057875
0 0.007785 0.862903 0.015570 0.038899
0 0.835705 0.829222 0.031141 0.030361
0 0.802416 0.778463 0.019329 0.042694
0 0.507651 0.690228 0.046711 0.131879
0 0.007785 0.575901 0.015570 0.030361
0 0.802416 0.348672 0.019329 0.035104
0 0.827919 0.259488 0.015570 0.035104
0 0.189262 0.196869 0.034899 0.042694
0 0.808322 0.192600 0.031141 0.074004
0 0.204966 0.149905 0.011544 0.030361
0 0.160000 0.100569 0.015570 0.030361
0 0.886577 0.071632 0.078121 0.050285
0 0.480134 0.064042 0.070067 0.035104
0 0.238121 0.051708 0.046711 0.042694
0 0.991946 0.024668 0.015570 0.030361
0 0.734228 0.057875 0.031141 0.077799
0 0.677584 0.032732 0.058523 0.035104
0 0.946980 0.015180 0.050738 0.030361
0 0.839732 0.070209 0.101477 0.140417
0 0.521208 0.015180 0.011544 0.030361
0 0.372752 0.037002 0.136644 0.074004
