0 0.447139 0.988294 0.019510 0.023411
0 0.316109 0.988294 0.023201 0.023411
0 0.917875 0.983696 0.015555 0.030936
0 0.253625 0.983696 0.031110 0.030936
0 0.212629 0.983696 0.027155 0.030936
0 0.124835 0.977843 0.015555 0.042642
0 0.878724 0.974080 0.039019 0.050167
0 0.517400 0.969900 0.027155 0.058528
0 0.357369 0.966137 0.035065 0.066054
0 0.255734 0.937291 0.019510 0.026756
0 0.474295 0.925585 0.050620 0.026756
0 0.712760 0.952341 0.160032 0.093645
0 0.216451 0.912207 0.042710 0.026756
0 0.866992 0.909699 0.015555 0.026756
0 0.056552 0.923077 0.113103 0.152174
0 0.798576 0.859114 0.011600 0.030936
0 0.202874 0.150502 0.015555 0.026756
0 0.189296 0.109114 0.011600 0.030936
0 0.224361 0.093645 0.019510 0.026756
0 0.827841 0.083612 0.031110 0.058528
0 0.884524 0.073579 0.050620 0.093645
0 0.726338 0.117057 0.195096 0.234114
0 0.488136 0.035117 0.085684 0.070234
0 0.327841 0.025084 0.093593 0.050167
0 0.234115 0.036789 0.070129 0.073579
0 0.122858 0.013378 0.011600 0.026756
