0 0.202862 0.989465 0.015494 0.021070
0 0.099527 0.989465 0.011555 0.021070
0 0.978335 0.988250 0.042805 0.023501
0 0.040704 0.988250 0.011555 0.023501
0 0.833902 0.976094 0.050683 0.046191
0 0.488183 0.944895 0.046744 0.038898
0 0.007747 0.935170 0.015494 0.025932
0 0.816176 0.905186 0.062500 0.069692
0 0.696954 0.899514 0.136555 0.058347
0 0.798582 0.706645 0.011555 0.025932
0 0.794643 0.655186 0.019433 0.046191
0 0.007747 0.429498 0.015494 0.025932
0 0.181329 0.239870 0.034926 0.050243
0 0.232143 0.208266 0.011555 0.025932
0 0.808430 0.220421 0.031250 0.097245
0 0.265494 0.161669 0.062500 0.042950
0 0.355173 0.151540 0.077994 0.030794
0 0.466649 0.122366 0.019433 0.025932
0 0.740021 0.120746 0.011555 0.025932
0 0.019433 0.128039 0.038866 0.038898
0 0.529149 0.110616 0.019433 0.042950
0 0.337710 0.079417 0.011555 0.025932
0 0.831801 0.081037 0.023372 0.030794
0 0.216518 0.081848 0.034926 0.038898
0 0.484112 0.056321 0.085872 0.042950
0 0.673713 0.071718 0.105305 0.081848
0 0.763655 0.040113 0.027311 0.034846
0 0.259716 0.030794 0.019433 0.025932
0 0.911896 0.012966 0.050683 0.025932
0 0.851366 0.012966 0.038866 0.025932
0 0.810399 0.012966 0.019433 0.025932
0 0.550551 0.012966 0.015494 0.025932
0 0.132747 0.012966 0.015494 0.025932
