0 0.677428 0.988479 0.011549 0.023041
0 0.458793 0.988479 0.011549 0.023041
0 0.345407 0.988479 0.011549 0.023041
0 0.042913 0.987558 0.023360 0.024885
0 0.486089 0.971429 0.027297 0.029493
0 0.991995 0.907834 0.015486 0.029493
0 0.009711 0.912903 0.019423 0.030415
0 0.804462 0.944700 0.062467 0.108756
0 0.501837 0.848848 0.019423 0.029493
0 0.817979 0.847005 0.034908 0.070046
0 0.824016 0.794470 0.015486 0.029493
0 0.990026 0.784332 0.019423 0.038710
0 0.773360 0.780184 0.015486 0.030415
0 0.847375 0.768664 0.015486 0.029493
0 0.990026 0.696774 0.019423 0.029493
0 0.818241 0.696774 0.042782 0.066359
0 0.970604 0.637788 0.011549 0.029493
0 0.991995 0.622120 0.015486 0.029493
0 0.988058 0.458525 0.023360 0.050691
0 0.991995 0.372350 0.015486 0.029493
0 0.810367 0.327189 0.050656 0.140092
0 0.782940 0.216590 0.019423 0.029493
0 0.189108 0.212903 0.042782 0.029493
0 0.212598 0.147465 0.011549 0.029493
0 0.827822 0.143779 0.054593 0.038710
0 0.931627 0.133641 0.066404 0.042396
0 0.982283 0.050230 0.034908 0.054378
0 0.193176 0.029954 0.019423 0.030415
0 0.876772 0.052535 0.167717 0.105069
0 0.513386 0.017512 0.011549 0.035023
0 0.363123 0.014747 0.015486 0.029493
0 0.245801 0.021198 0.023360 0.042396
0 0.138583 0.014747 0.011549 0.029493
0 0.107087 0.014747 0.011549 0.029493
0 0.060367 0.014747 0.011549 0.029493
0 0.025197 0.015207 0.019423 0.030415
