0 0.921538 0.987671 0.031069 0.024658
0 0.136519 0.985845 0.062401 0.028311
0 0.347551 0.983562 0.031069 0.031050
0 0.796735 0.979909 0.038968 0.038356
0 0.074118 0.964384 0.015534 0.029224
0 0.478278 0.975799 0.073986 0.046575
0 0.234202 0.975799 0.054502 0.046575
0 0.661796 0.973973 0.073986 0.050228
0 0.775276 0.936986 0.027120 0.031050
0 0.025276 0.958447 0.050553 0.081279
0 0.814244 0.901370 0.042917 0.031050
0 0.991969 0.800913 0.015534 0.029224
0 0.902185 0.806393 0.015534 0.029224
0 0.810295 0.693151 0.042917 0.058447
0 0.896393 0.663470 0.035018 0.077626
0 0.185361 0.606393 0.011585 0.029224
0 0.230253 0.547945 0.054502 0.058447
0 0.823986 0.252968 0.015534 0.038356
0 0.202870 0.175342 0.015534 0.029224
0 0.810295 0.178995 0.042917 0.085845
0 0.154160 0.094977 0.027120 0.029224
0 0.986177 0.093151 0.027120 0.031050
0 0.216561 0.085388 0.073986 0.077626
0 0.868878 0.050685 0.097420 0.101370
0 0.776988 0.062100 0.077936 0.124201
0 0.659953 0.026941 0.070300 0.053881
0 0.476303 0.031050 0.093734 0.062100
0 0.353476 0.021461 0.042917 0.042922
0 0.239995 0.015525 0.089784 0.031050
0 0.126777 0.014612 0.027120 0.029224
0 0.011717 0.025114 0.023433 0.050228
