0 0.013620 0.981780 0.027240 0.035039
0 0.554608 0.958655 0.015530 0.022425
0 0.202902 0.971969 0.031059 0.054660
0 0.013620 0.831815 0.027240 0.054660
0 0.038824 0.716188 0.015530 0.022425
0 0.876782 0.685004 0.081976 0.058164
0 0.200866 0.589348 0.019348 0.030834
0 0.068228 0.553959 0.019348 0.023125
0 0.419679 0.475823 0.027240 0.085494
0 0.863162 0.411352 0.062373 0.065872
0 0.970468 0.554310 0.058554 0.358795
0 0.208758 0.403994 0.042770 0.058164
0 0.068101 0.390329 0.027240 0.030834
0 0.904277 0.337421 0.035132 0.042747
0 0.952902 0.274702 0.054481 0.050456
0 0.017566 0.239313 0.035132 0.073581
0 0.060336 0.202523 0.019348 0.022425
0 0.497963 0.202523 0.035132 0.030834
0 0.634674 0.175193 0.011711 0.022425
0 0.337831 0.114576 0.035132 0.027330
0 0.991981 0.104765 0.015530 0.038542
0 0.671589 0.104765 0.054481 0.062369
0 0.406059 0.118430 0.070265 0.089699
0 0.556517 0.067975 0.011711 0.022425
0 0.087831 0.058164 0.035132 0.046251
0 0.980270 0.019271 0.038951 0.038542
0 0.120927 0.013665 0.031059 0.027330
0 0.015530 0.056412 0.031059 0.112824
