0 0.484219 0.988219 0.038845 0.023563
0 0.341516 0.988219 0.019423 0.023563
0 0.656056 0.987276 0.038845 0.025448
0 0.767332 0.986334 0.058538 0.027333
0 0.216752 0.986334 0.042892 0.027333
0 0.904100 0.938737 0.011600 0.030160
0 0.802671 0.934496 0.027246 0.042413
0 0.905989 0.784637 0.015376 0.031103
0 0.911923 0.668709 0.042892 0.104618
0 0.915835 0.212064 0.066361 0.113101
0 0.802671 0.130537 0.027246 0.042413
0 0.855274 0.093308 0.031022 0.062205
0 0.929458 0.015080 0.015376 0.030160
0 0.743863 0.050424 0.238198 0.100848
0 0.490019 0.024976 0.128675 0.049953
0 0.353385 0.023091 0.050715 0.046183
0 0.216617 0.095664 0.152145 0.191329
0 0.144322 0.021206 0.054492 0.042413
0 0.013623 0.023091 0.027246 0.046183
